0	0	0	1091734	451840	589256	55876	293916	28686	38076	52762	81535	1183491	641292	74199	133113	87881	34731	695732	1412680	5305163	2373344	1326139	166343	987386	693983	
0	0	0	0	482322	528317	81481	88268	89204	16594	28833	79731	232550	191742	132690	105831	84275	110728	111194	664403	198287	1325439	106491	10323	39903	286120	
0	0	0	0	0	212392	901501	1428810	32976	199950	5840	17568	7785	81819	48044	58018	21713	157447	20097	377548	69819	71387	342928	106332	554036	1769891	
0	0	0	0	0	0	292170	292064	33261	39016	27133	45593	47596	168374	61443	54222	11480	144520	105257	87177	20814	3420	6198	3137	143874	67191	
0	0	0	0	0	0	0	2995	59085	49061	20606	16320	37912	176950	1011698	559319	123571	397570	1043415	429451	14764	278	172	1841	23464	58940	
0	0	0	0	0	0	0	0	907614	179625	180609	392320	1087472	800235	1185579	571196	539076	232862	61307	40583	33007	13714	3756	5530	20646	15245	
0	0	0	0	0	0	0	0	0	804762	892519	245422	648603	207508	447320	855505	153180	1141646	1653008	686403	21074	21437	5862	3337	10766	2452	
0	0	0	0	0	0	0	0	0	0	22622	562947	23110	537329	208032	844719	57848	57131	18820	31796	5505	9372	1382	3872	13073	4233	
0	0	0	0	0	0	0	0	0	0	0	494646	538559	973466	290246	238003	45107	35422	29312	35643	25680	18563	930	1957	2175	1110	
0	0	0	0	0	0	0	0	0	0	0	0	790568	16903	31818	86753	55921	12180	16149	20742	22062	10290	6937	5543	898	203	
0	0	0	0	0	0	0	0	0	0	0	0	0	279218	1007054	145146	2209142	643499	220375	192731	82059	2429	5154	833	2463	6911	
0	0	0	0	0	0	0	0	0	0	0	0	0	0	1070310	593500	1017964	285835	78048	64989	121647	4545	189	1644	23874	10574	
0	0	0	0	0	0	0	0	0	0	0	0	0	0	0	240585	1275597	179347	10973	28988	7882	13455	11512	8221	29956	23800	
0	0	0	0	0	0	0	0	0	0	0	0	0	0	0	0	324073	746523	62379	121991	95614	15781	20126	27253	65726	36746	
0	0	0	0	0	0	0	0	0	0	0	0	0	0	0	0	0	131241	73674	49805	50503	41801	18425	40918	40321	54687	
0	0	0	0	0	0	0	0	0	0	0	0	0	0	0	0	0	0	47710	14649	68248	34426	38484	46877	345398	131610	
0	0	0	0	0	0	0	0	0	0	0	0	0	0	0	0	0	0	0	1885	50384	55583	58464	42481	55452	846366	
0	0	0	0	0	0	0	0	0	0	0	0	0	0	0	0	0	0	0	0	176689	74427	43754	65543	920007	87462	
0	0	0	0	0	0	0	0	0	0	0	0	0	0	0	0	0	0	0	0	0	16367	70716	129480	351081	302061	
0	0	0	0	0	0	0	0	0	0	0	0	0	0	0	0	0	0	0	0	0	0	64733	74390	99096	173085	
0	0	0	0	0	0	0	0	0	0	0	0	0	0	0	0	0	0	0	0	0	0	0	86979	155525	451439	
0	0	0	0	0	0	0	0	0	0	0	0	0	0	0	0	0	0	0	0	0	0	0	0	342329	903898	
0	0	0	0	0	0	0	0	0	0	0	0	0	0	0	0	0	0	0	0	0	0	0	0	0	975228	
0	0	0	0	0	0	0	0	0	0	0	0	0	0	0	0	0	0	0	0	0	0	0	0	0	0	
0	0	0	0	0	0	0	0	0	0	0	0	0	0	0	0	0	0	0	0	0	0	0	0	0	0	
0	0	0	0	0	0	0	0	0	0	0	0	0	0	0	0	0	0	0	0	0	0	0	0	0	0	
