0	0	0	1790	1632	34432	387379	241500	268	2488	338	347	12012	6683	7681	1854	81098	767	2092246	113242	1089943	734859	566	2331	1832	3846	
0	0	0	0	9114	1238983	248257	132586	1530	5	0	469	2374	2234	4191	154	57076	3087	6396	14822	148335	702324	768767	612	205	645	
0	0	0	0	0	311927	4636	10471	55	264	0	3876	181	7	303	203	46659	21854	153	4599	1493	20549	1942603	835443	1785	5562	
0	0	0	0	0	0	51779	668	7740	810	689	122	26	727	27	7	103	449	6190	6898	41	98	2279	46838	410151	35564	
0	0	0	0	0	0	0	46	131540	8547	164	2492	17356	1601	77	0	0	1463	40036	24946	2128	242	1517	71	1068	46595	
0	0	0	0	0	0	0	0	31939	25945	5820	26643	1328	11	440	212	6058	2859	1492	2054	2914	1274	7936	2821	4037	84688	
0	0	0	0	0	0	0	0	0	43357	608	509	0	24491	65586	51803	141257	390	134766	83	3214	334	1755	2947	12370	9756	
0	0	0	0	0	0	0	0	0	0	179	16595	26821	268724	54568	2395	5080	109	7911	34	2038	1229	44	0	1053	107348	
0	0	0	0	0	0	0	0	0	0	0	4978	3413	94717	5880	4263	314	321	455	208	189	71	39	0	53	23526	
0	0	0	0	0	0	0	0	0	0	0	0	648	163	727	4883	900	24	24	6	38	333	4679	622	732	5825	
0	0	0	0	0	0	0	0	0	0	0	0	0	8557	41	0	17	25	701	22857	225	0	0	289	1997	7802	
0	0	0	0	0	0	0	0	0	0	0	0	0	0	3282	70	0	24047	1138	8502	422	2	6243	8819	327866	19839	
0	0	0	0	0	0	0	0	0	0	0	0	0	0	0	7963	9445	32754	233	70	5866	835173	2179240	236415	5998	2072	
0	0	0	0	0	0	0	0	0	0	0	0	0	0	0	0	2110	49491	64959	1782	53897	292364	3533	514	3541	39	
0	0	0	0	0	0	0	0	0	0	0	0	0	0	0	0	0	48510	1202880	657699	351136	26565	2142	343	89	110	
0	0	0	0	0	0	0	0	0	0	0	0	0	0	0	0	0	0	895	145827	648	2362	590	254	506	501	
0	0	0	0	0	0	0	0	0	0	0	0	0	0	0	0	0	0	0	12880	14241	579	144	101	698	970	
0	0	0	0	0	0	0	0	0	0	0	0	0	0	0	0	0	0	0	0	3060	575	153	291	786	1267	
0	0	0	0	0	0	0	0	0	0	0	0	0	0	0	0	0	0	0	0	0	116	23	149	1218	12232	
0	0	0	0	0	0	0	0	0	0	0	0	0	0	0	0	0	0	0	0	0	0	477	2301	5640	47070	
0	0	0	0	0	0	0	0	0	0	0	0	0	0	0	0	0	0	0	0	0	0	0	3055	3940	133727	
0	0	0	0	0	0	0	0	0	0	0	0	0	0	0	0	0	0	0	0	0	0	0	0	3863	18194	
0	0	0	0	0	0	0	0	0	0	0	0	0	0	0	0	0	0	0	0	0	0	0	0	0	8070	
0	0	0	0	0	0	0	0	0	0	0	0	0	0	0	0	0	0	0	0	0	0	0	0	0	0	
0	0	0	0	0	0	0	0	0	0	0	0	0	0	0	0	0	0	0	0	0	0	0	0	0	0	
0	0	0	0	0	0	0	0	0	0	0	0	0	0	0	0	0	0	0	0	0	0	0	0	0	0	
