0	0	0	0	0	0	0	0	0	0	0	0	0	0	0	0	0	0	0	0	0	0	0	0	0	0	
0	0	0	0	1790	1632	34432	387379	241500	268	2488	338	89	10205	6300	7624	1835	80942	701	1283668	80367	909721	714073	566	2331	1832	
0	0	0	0	0	9114	1238983	248257	132586	1530	2	0	426	2034	2105	4080	154	57072	3087	6179	10874	72820	696336	404030	612	205	
0	0	0	0	0	0	311927	2484	9899	55	264	0	3876	181	7	180	169	46609	21854	153	4586	870	14604	1479327	746912	1785	
0	0	0	0	0	0	0	30263	580	7740	808	689	122	26	575	0	7	95	446	6190	6898	41	98	2108	46838	351342	
0	0	0	0	0	0	0	0	36	131540	8506	164	2492	17356	1601	77	0	0	1461	40036	24946	2128	242	1517	71	1068	
0	0	0	0	0	0	0	0	0	31937	25945	5820	26643	1328	11	440	212	6051	1947	1358	1805	2906	808	7936	2821	3953	
0	0	0	0	0	0	0	0	0	0	42200	589	509	0	24491	65586	51803	141257	366	134766	83	3214	321	1755	2947	12354	
0	0	0	0	0	0	0	0	0	0	0	179	15763	26821	268066	54377	2395	5080	21	7911	34	2038	1229	44	0	1053	
0	0	0	0	0	0	0	0	0	0	0	0	4399	3044	93535	5666	4263	314	320	455	208	189	71	39	0	53	
0	0	0	0	0	0	0	0	0	0	0	0	0	38	163	727	4883	900	24	24	6	38	333	3128	622	732	
0	0	0	0	0	0	0	0	0	0	0	0	0	0	8189	35	0	17	25	701	22857	225	0	0	289	1667	
0	0	0	0	0	0	0	0	0	0	0	0	0	0	0	3210	70	0	24047	1138	8502	422	2	3942	6426	215817	
0	0	0	0	0	0	0	0	0	0	0	0	0	0	0	0	7961	9443	32754	233	44	3128	769989	1424384	114525	5899	
0	0	0	0	0	0	0	0	0	0	0	0	0	0	0	0	0	2070	48709	31684	1768	52293	213545	2723	187	3541	
0	0	0	0	0	0	0	0	0	0	0	0	0	0	0	0	0	0	24463	580127	571618	326124	24972	52	0	89	
0	0	0	0	0	0	0	0	0	0	0	0	0	0	0	0	0	0	0	369	144616	329	97	65	254	506	
0	0	0	0	0	0	0	0	0	0	0	0	0	0	0	0	0	0	0	0	12873	14160	392	139	101	698	
0	0	0	0	0	0	0	0	0	0	0	0	0	0	0	0	0	0	0	0	0	2920	558	153	291	786	
0	0	0	0	0	0	0	0	0	0	0	0	0	0	0	0	0	0	0	0	0	0	116	23	149	1218	
0	0	0	0	0	0	0	0	0	0	0	0	0	0	0	0	0	0	0	0	0	0	0	443	2301	5569	
0	0	0	0	0	0	0	0	0	0	0	0	0	0	0	0	0	0	0	0	0	0	0	0	3055	3940	
0	0	0	0	0	0	0	0	0	0	0	0	0	0	0	0	0	0	0	0	0	0	0	0	0	3785	
0	0	0	0	0	0	0	0	0	0	0	0	0	0	0	0	0	0	0	0	0	0	0	0	0	0	
0	0	0	0	0	0	0	0	0	0	0	0	0	0	0	0	0	0	0	0	0	0	0	0	0	0	
0	0	0	0	0	0	0	0	0	0	0	0	0	0	0	0	0	0	0	0	0	0	0	0	0	0	
