0	0	0	1836904	869340	73298	62330	40005	37948	14917	49867	21684	210997	85533	8213	305	1079	24	260	0	0	0	0	0	0	0	
0	0	0	0	1341051	419592	80863	44786	155154	10182	47768	21706	44531	30584	2912	651	201	34	6	0	0	0	0	0	0	0	
0	0	0	0	0	555260	1031906	296537	72075	82691	22251	4886	382	923	2718	1628	53	40	0	0	0	0	0	0	0	0	
0	0	0	0	0	0	82704	18881	4018	42051	549	892	746	1999	1721	2583	46	0	0	0	0	0	0	0	0	0	
0	0	0	0	0	0	0	661	7080	4700	1684	2237	1869	531	3889	9549	636	3	0	0	0	0	0	0	0	0	
0	0	0	0	0	0	0	0	564683	34889	65213	17964	894	9381	44883	16325	1284	102	0	0	0	0	0	0	0	0	
0	0	0	0	0	0	0	0	0	54404	13501	5760	480	46374	77209	3503	178	0	0	0	0	0	0	0	0	0	
0	0	0	0	0	0	0	0	0	0	5792	63997	5337	68317	6387	918	11	0	0	0	0	0	0	0	0	0	
0	0	0	0	0	0	0	0	0	0	0	96423	38451	124602	4827	378	96	2	5	0	0	0	0	0	0	0	
0	0	0	0	0	0	0	0	0	0	0	0	205356	6017	13525	2781	1682	4	383	0	10	2	0	0	0	0	
0	0	0	0	0	0	0	0	0	0	0	0	0	81861	22949	21730	3635	2822	32014	1153	72	1	0	0	0	19	
0	0	0	0	0	0	0	0	0	0	0	0	0	0	41774	49373	3471	2028	397	60	100	23	2	9	1904	143	
0	0	0	0	0	0	0	0	0	0	0	0	0	0	0	90526	27159	7976	166	1124	22	187	26	1264	4001	1281	
0	0	0	0	0	0	0	0	0	0	0	0	0	0	0	0	52695	18181	1352	406	171	339	10	7123	6310	2786	
0	0	0	0	0	0	0	0	0	0	0	0	0	0	0	0	0	12502	7355	2302	4006	2597	2099	6265	5448	1767	
0	0	0	0	0	0	0	0	0	0	0	0	0	0	0	0	0	0	25563	12150	11409	3459	2877	22415	25507	12979	
0	0	0	0	0	0	0	0	0	0	0	0	0	0	0	0	0	0	0	1905	26593	17954	10676	30242	45584	31559	
0	0	0	0	0	0	0	0	0	0	0	0	0	0	0	0	0	0	0	0	163309	66495	28472	50739	33597	26074	
0	0	0	0	0	0	0	0	0	0	0	0	0	0	0	0	0	0	0	0	0	33343	23054	76680	147236	101333	
0	0	0	0	0	0	0	0	0	0	0	0	0	0	0	0	0	0	0	0	0	0	20089	57434	53291	44703	
0	0	0	0	0	0	0	0	0	0	0	0	0	0	0	0	0	0	0	0	0	0	0	64829	122392	386348	
0	0	0	0	0	0	0	0	0	0	0	0	0	0	0	0	0	0	0	0	0	0	0	0	853713	407642	
0	0	0	0	0	0	0	0	0	0	0	0	0	0	0	0	0	0	0	0	0	0	0	0	0	784477	
0	0	0	0	0	0	0	0	0	0	0	0	0	0	0	0	0	0	0	0	0	0	0	0	0	0	
0	0	0	0	0	0	0	0	0	0	0	0	0	0	0	0	0	0	0	0	0	0	0	0	0	0	
0	0	0	0	0	0	0	0	0	0	0	0	0	0	0	0	0	0	0	0	0	0	0	0	0	0	
