0	0	0	654073	202388	2927391	137464	2966206	10644	222879	52656	28776	702958	366467	59196	82318	34103	24974	205868	1145765	2880983	1371411	1937154	273694	325059	221312	
0	0	0	0	95100	193661	49798	74016	152157	398736	183506	19263	185367	148801	579506	36828	124118	386042	122065	471649	481301	222211	52679	89973	258703	86467	
0	0	0	0	0	330563	674976	290510	32606	47020	6902	9509	7391	49132	39942	20362	15165	1075238	60412	296425	36366	38916	344753	112311	296235	271249	
0	0	0	0	0	0	357963	162870	458870	252533	172241	18409	20318	54034	35484	8733	3588	14650	657980	554581	8225	3692	9351	6276	142234	61383	
0	0	0	0	0	0	0	1175	286598	347818	41252	23482	281539	34845	106688	45359	20002	85960	656520	2128744	130877	10806	9189	7605	18436	86975	
0	0	0	0	0	0	0	0	1375296	1494391	434250	78760	110108	87573	144195	65640	172517	64607	38828	47798	44756	24689	47429	18099	40609	78640	
0	0	0	0	0	0	0	0	0	3693968	174000	111041	75246	116707	210949	116019	119846	319682	485835	154474	37418	73780	14410	5459	31787	28098	
0	0	0	0	0	0	0	0	0	0	14535	301639	8418	278740	32972	139333	22125	7768	2648	7315	6874	16484	12212	4099	14733	13974	
0	0	0	0	0	0	0	0	0	0	0	266026	185652	2543337	123410	89331	43963	37449	14256	26402	56663	88000	2251	540	2468	4134	
0	0	0	0	0	0	0	0	0	0	0	0	254127	23751	7217	17726	31120	18482	13932	28093	52426	21431	5687	4290	2022	871	
0	0	0	0	0	0	0	0	0	0	0	0	0	451848	120415	22975	1567768	101427	203767	1979511	125451	8513	2374	3180	3491	13610	
0	0	0	0	0	0	0	0	0	0	0	0	0	0	589812	375195	309393	2283009	226869	641429	153368	9368	239	1274	25516	25125	
0	0	0	0	0	0	0	0	0	0	0	0	0	0	0	950784	822939	527765	33347	16795	51031	188926	144351	104136	1805746	751130	
0	0	0	0	0	0	0	0	0	0	0	0	0	0	0	0	114663	1315786	119801	81202	111557	108250	20668	27973	115633	234201	
0	0	0	0	0	0	0	0	0	0	0	0	0	0	0	0	0	341025	359009	76359	188664	147471	28389	16340	21334	21220	
0	0	0	0	0	0	0	0	0	0	0	0	0	0	0	0	0	0	19861	20179	18177	40597	61796	29600	267703	168390	
0	0	0	0	0	0	0	0	0	0	0	0	0	0	0	0	0	0	0	1754	39697	32868	28592	14736	38447	126925	
0	0	0	0	0	0	0	0	0	0	0	0	0	0	0	0	0	0	0	0	184566	59041	21233	25554	640359	86478	
0	0	0	0	0	0	0	0	0	0	0	0	0	0	0	0	0	0	0	0	0	18469	49524	42846	174066	173022	
0	0	0	0	0	0	0	0	0	0	0	0	0	0	0	0	0	0	0	0	0	0	24360	67207	69542	133264	
0	0	0	0	0	0	0	0	0	0	0	0	0	0	0	0	0	0	0	0	0	0	0	143754	97532	196535	
0	0	0	0	0	0	0	0	0	0	0	0	0	0	0	0	0	0	0	0	0	0	0	0	144977	350333	
0	0	0	0	0	0	0	0	0	0	0	0	0	0	0	0	0	0	0	0	0	0	0	0	0	314606	
0	0	0	0	0	0	0	0	0	0	0	0	0	0	0	0	0	0	0	0	0	0	0	0	0	0	
0	0	0	0	0	0	0	0	0	0	0	0	0	0	0	0	0	0	0	0	0	0	0	0	0	0	
0	0	0	0	0	0	0	0	0	0	0	0	0	0	0	0	0	0	0	0	0	0	0	0	0	0	
