0	0	0	2045097	1119800	447692	145464	99907	130374	81627	225091	326685	6898823	3015764	167791	42315	129593	11220	287989	291265	607892	62084	47775	1377	28074	26324	
0	0	0	0	1478542	471709	135273	109204	264492	22081	73749	263488	1435588	1061323	96072	55472	56673	35825	33851	38852	14780	14081	1138	65	1954	5507	
0	0	0	0	0	987969	1228666	3022297	149598	1517959	37399	22825	2646	7446	94267	142166	36777	31097	1948	18199	2058	1136	10659	2565	23454	44000	
0	0	0	0	0	0	394340	375407	82205	837360	12796	11045	7160	57537	56216	175927	19417	21456	2321	2645	1410	188	127	1	2760	789	
0	0	0	0	0	0	0	2869	16157	155678	9833	22964	37564	21951	534751	1193332	227257	102287	84786	20363	1236	2	2	16	630	77	
0	0	0	0	0	0	0	0	762180	146612	104743	217361	390782	157501	1507865	707739	2104148	410447	132475	41588	10981	2887	1991	1527	4863	247	
0	0	0	0	0	0	0	0	0	1860606	132388	51081	229424	1567509	2934133	440400	213837	77626	46635	27384	365	4352	67	2631	3232	940	
0	0	0	0	0	0	0	0	0	0	25199	3027386	25027	3154075	264616	330706	186009	11050	8578	5529	569	3112	1244	166	1513	330	
0	0	0	0	0	0	0	0	0	0	0	3076004	1644374	4925862	1323582	965345	52778	23890	25197	9014	11761	11744	1079	196	1643	501	
0	0	0	0	0	0	0	0	0	0	0	0	372561	34456	152730	43309	20664	10772	54278	6954	3774	8487	3262	2040	2402	384	
0	0	0	0	0	0	0	0	0	0	0	0	0	521711	170262	146228	141168	80150	479583	46925	2370	986	1061	492	4859	4604	
0	0	0	0	0	0	0	0	0	0	0	0	0	0	292360	890459	61590	13179	16855	9334	2085	1056	305	654	27606	4752	
0	0	0	0	0	0	0	0	0	0	0	0	0	0	0	358181	107813	65778	4117	17264	3883	597	5330	16255	42811	8564	
0	0	0	0	0	0	0	0	0	0	0	0	0	0	0	0	239509	80625	8939	15230	12340	2003	18920	20247	26777	14424	
0	0	0	0	0	0	0	0	0	0	0	0	0	0	0	0	0	53127	80031	33059	39993	19251	19779	62763	57415	28412	
0	0	0	0	0	0	0	0	0	0	0	0	0	0	0	0	0	0	91139	27151	57881	32300	31232	97146	54472	60005	
0	0	0	0	0	0	0	0	0	0	0	0	0	0	0	0	0	0	0	4105	89020	51422	47416	80516	125582	126822	
0	0	0	0	0	0	0	0	0	0	0	0	0	0	0	0	0	0	0	0	423169	134865	95087	114377	104880	113668	
0	0	0	0	0	0	0	0	0	0	0	0	0	0	0	0	0	0	0	0	0	47945	78445	147706	304943	232995	
0	0	0	0	0	0	0	0	0	0	0	0	0	0	0	0	0	0	0	0	0	0	83368	117733	171932	172358	
0	0	0	0	0	0	0	0	0	0	0	0	0	0	0	0	0	0	0	0	0	0	0	121144	360058	1336172	
0	0	0	0	0	0	0	0	0	0	0	0	0	0	0	0	0	0	0	0	0	0	0	0	1088203	1518990	
0	0	0	0	0	0	0	0	0	0	0	0	0	0	0	0	0	0	0	0	0	0	0	0	0	1661852	
0	0	0	0	0	0	0	0	0	0	0	0	0	0	0	0	0	0	0	0	0	0	0	0	0	0	
0	0	0	0	0	0	0	0	0	0	0	0	0	0	0	0	0	0	0	0	0	0	0	0	0	0	
0	0	0	0	0	0	0	0	0	0	0	0	0	0	0	0	0	0	0	0	0	0	0	0	0	0	
