0	0	0	147535	59287	166399	3286	92820	882	8591	10108	108240	1809505	543076	27496	4227	81432	4568	226895	82749	55119	18784	64786	9544	10849	22322	
0	0	0	0	46972	21624	3121	2976	5338	88	3209	101569	275956	138346	31565	5110	2893	9161	8452	23472	14630	12844	31879	22582	3995	6253	
0	0	0	0	0	86166	25669	325435	3178	162049	307573	2143	64	356	13496	19215	2958	29378	148	3397	1438	2280	74132	216575	87453	14259	
0	0	0	0	0	0	39614	51764	15056	1133454	170273	148	174	6891	5957	18965	1873	3239	28918	17659	76	476	32720	289	19702	11343	
0	0	0	0	0	0	0	110	10716	165855	42398	556	6180	1667	23978	78866	18477	11051	642171	155740	20420	321	1596	894	3499	9860	
0	0	0	0	0	0	0	0	403581	368360	460398	5255	5368	12411	110408	50934	406576	82813	50053	44074	49681	27750	2653	217147	569364	70256	
0	0	0	0	0	0	0	0	0	479776	12956	761	5794	191224	357275	53870	33717	13433	8206	9566	15793	11371	2262	77	209986	5894	
0	0	0	0	0	0	0	0	0	0	126493	467801	560	432304	32887	73753	44553	3308	2688	11435	8275	3229	3168	452	1376069	32371	
0	0	0	0	0	0	0	0	0	0	0	409010	234293	699591	236218	198203	41207	14046	3414	25988	22786	6015	406	1793	100682	1667	
0	0	0	0	0	0	0	0	0	0	0	0	8022	1076	2801	2564	46661	25861	20249	40890	4563	579	88	1630	112769	865	
0	0	0	0	0	0	0	0	0	0	0	0	0	23003	8283	3790	13554	7617	390003	59981	6030	291	79	155262	75061	3996	
0	0	0	0	0	0	0	0	0	0	0	0	0	0	13563	43641	6965	290976	393503	16071	919	144	1278	130704	3730	5919	
0	0	0	0	0	0	0	0	0	0	0	0	0	0	0	112489	6794	30209	31416	389	1162	2174	32599	147444	13947	7021	
0	0	0	0	0	0	0	0	0	0	0	0	0	0	0	0	20087	47905	5758	3064	4563	2314	257243	44843	2488	7996	
0	0	0	0	0	0	0	0	0	0	0	0	0	0	0	0	0	28600	37255	12860	10434	10502	18564	90341	4827	10368	
0	0	0	0	0	0	0	0	0	0	0	0	0	0	0	0	0	0	9824	6261	13626	16757	48390	67059	22904	82539	
0	0	0	0	0	0	0	0	0	0	0	0	0	0	0	0	0	0	0	702	36984	35041	41406	29254	39927	311579	
0	0	0	0	0	0	0	0	0	0	0	0	0	0	0	0	0	0	0	0	477509	1029099	166698	58609	22322	393485	
0	0	0	0	0	0	0	0	0	0	0	0	0	0	0	0	0	0	0	0	0	37484	9956	6625	17311	452202	
0	0	0	0	0	0	0	0	0	0	0	0	0	0	0	0	0	0	0	0	0	0	13579	23184	12990	129419	
0	0	0	0	0	0	0	0	0	0	0	0	0	0	0	0	0	0	0	0	0	0	0	28148	22690	123475	
0	0	0	0	0	0	0	0	0	0	0	0	0	0	0	0	0	0	0	0	0	0	0	0	79769	1541237	
0	0	0	0	0	0	0	0	0	0	0	0	0	0	0	0	0	0	0	0	0	0	0	0	0	496086	
0	0	0	0	0	0	0	0	0	0	0	0	0	0	0	0	0	0	0	0	0	0	0	0	0	0	
0	0	0	0	0	0	0	0	0	0	0	0	0	0	0	0	0	0	0	0	0	0	0	0	0	0	
0	0	0	0	0	0	0	0	0	0	0	0	0	0	0	0	0	0	0	0	0	0	0	0	0	0	
