0	0	0	0	175	825	3	0	2	0	223	219	14743	4539	564	266	196948	14772	617471	93754	69603	4831	1665	351	743	1660	
0	0	0	0	67211	19882	448	0	88	0	68	239	2061	1286	185	69	4778	79	17161	21087	6909	1138	302	2	11	93	
0	0	0	0	0	23405	923	4360	48	4368	15	0	0	0	71	171	167	28	10	8	478	1	60	0	0	0	
0	0	0	0	0	0	7508	811	1369	7653	2309	0	0	50	12	154	17	42	17	0	0	0	0	0	0	0	
0	0	0	0	0	0	0	27	6859	2586	806	0	12	7	1727	5847	714	172	5374	363	5	0	0	0	0	0	
0	0	0	0	0	0	0	0	46124	4145	4660	97	0	1000	816	973	6017	994	139	159	2667	0	0	0	0	0	
0	0	0	0	0	0	0	0	0	39454	19583	342	60	2075	3522	175	435	69	8	0	856	24	0	0	0	0	
0	0	0	0	0	0	0	0	0	0	1567	7056	0	5325	40	878	402	0	0	0	11	0	5	0	0	0	
0	0	0	0	0	0	0	0	0	0	0	5425	3785	9676	2484	1901	151	19	2	4	733	3	0	0	7	3	
0	0	0	0	0	0	0	0	0	0	0	0	125	8	58	52	444	37	24	4	63	0	0	0	0	0	
0	0	0	0	0	0	0	0	0	0	0	0	0	137	1	8	131	43	2264	1	190	0	0	0	0	0	
0	0	0	0	0	0	0	0	0	0	0	0	0	0	165	911	116	1051	2722	0	3	0	0	0	0	0	
0	0	0	0	0	0	0	0	0	0	0	0	0	0	0	42	7	63	242	0	7	0	0	0	0	0	
0	0	0	0	0	0	0	0	0	0	0	0	0	0	0	0	4779	720	626	0	281	17	0	0	0	131	
0	0	0	0	0	0	0	0	0	0	0	0	0	0	0	0	0	8682	62234	202	9906	173	15	103	545	982	
0	0	0	0	0	0	0	0	0	0	0	0	0	0	0	0	0	0	6392	2934	26439	12963	7052	6651	8306	21369	
0	0	0	0	0	0	0	0	0	0	0	0	0	0	0	0	0	0	0	1319	44262	28139	26589	9446	10508	24707	
0	0	0	0	0	0	0	0	0	0	0	0	0	0	0	0	0	0	0	0	29658	30232	26291	28786	30549	28500	
0	0	0	0	0	0	0	0	0	0	0	0	0	0	0	0	0	0	0	0	0	16128	18548	5322	6905	3201	
0	0	0	0	0	0	0	0	0	0	0	0	0	0	0	0	0	0	0	0	0	0	33585	24787	9294	7983	
0	0	0	0	0	0	0	0	0	0	0	0	0	0	0	0	0	0	0	0	0	0	0	13640	19862	13254	
0	0	0	0	0	0	0	0	0	0	0	0	0	0	0	0	0	0	0	0	0	0	0	0	6347	5762	
0	0	0	0	0	0	0	0	0	0	0	0	0	0	0	0	0	0	0	0	0	0	0	0	0	2816	
0	0	0	0	0	0	0	0	0	0	0	0	0	0	0	0	0	0	0	0	0	0	0	0	0	0	
0	0	0	0	0	0	0	0	0	0	0	0	0	0	0	0	0	0	0	0	0	0	0	0	0	0	
0	0	0	0	0	0	0	0	0	0	0	0	0	0	0	0	0	0	0	0	0	0	0	0	0	0	
